1,2,3
10

1.9,2.1,3.7
1a2,3b,4
-5,10,3
  5 , 10 , 15  
0,0,0
-1,-2,-3
abc,def
3.99
-0.5,0.5
,1,2,
100
5,5,5
2.2,2.2,2.2
a1b2c3,4d5e6,7f8g9
-10,-20,-30
  1  ,  2  ,  3  
0,0,1
-1,-2,3
xyz,123,abc
4.99
-1.5,2.5
,,
200
10,20,30
3.1,3.2,3.3
1a,2b,3c
-100,-200,300
  100  ,  200  ,  300  
0,0,0,0
-5,-5,-5,-5
abc,def,ghi
5.67
-2.8,3.9
,,,1,,,2,,,
50
15,25,35
4.4,5.5,6.6
x1y2z3,4a5b6,7c8d9
-50,-60,-70
  7  ,  8  ,  9  
0,0,0,0,0
-1,-1,-1,-1
hello,world,!!!
2.22
-0.9,1.9
,,,,,
75
21,22,23
7.7,8.8,9.9
p1q2r3,4s5t6,7u8v9
-200,-300,-400
  11  ,  12  ,  13  
0,1,2,3
-1,-2,-3,-4
test,data,here
6.78
-3.4,4.5
,,,,
150
31,32,33
8.1,8.2,8.3
m1n2o3,4p5q6,7r8s9
-15,-25,-35
  20  ,  30  ,  40  
0,0,0,0,0,0
-7,-8,-9,-10
code,python,rocks
7.89
-4.5,5.6
,,,,,,,
250
41,42,43
9.3,9.4,9.5
r1s2t3,4u5v6,7w8x9
-45,-55,-65
  50  ,  60  ,  70  
1,1,1,1,1
-11,-12,-13,-14
data,science,ai
8.90
-5.6,6.7
,,,,
300
51,52,53
10.1,10.2,10.3
a1b2,3c4,5d6
-75,-85,-95
  80  ,  90  ,  100  
2,2,2,2,2
-20,-21,-22,-23
machine,learning,dl
9.01
-6.7,7.8
,,,,
350
61,62,63
11.4,11.5,11.6
e1f2g3,4h5i6,7j8k9
-111,-222,-333
  101  ,  102  ,  103  
3,3,3,3,3,3
-30,-31,-32,-33

10.23
-7.8,8.9
,,,
400